192,257,288,257,288,281,192,281
292,261,354,261,354,285,292,285
357,268,426,268,426,288,357,288
430,270,503,275,501,297,428,291
209,288,257,288,257,312,209,312
264,292,309,292,309,316,264,316
312,295,367,295,367,319,312,319
374,299,422,299,422,323,374,323
426,302,453,302,453,323,426,323
467,305,505,305,505,326,467,326
209,316,233,316,233,336,209,336
250,316,305,316,305,340,250,340
312,323,367,323,367,347,312,347
374,326,412,326,412,347,374,347
426,325,513,334,511,359,424,349
1392,323,1464,323,1464,350,1392,350
508,331,568,336,566,358,507,353
570,335,681,341,680,364,569,359
694,343,749,343,749,364,694,364
766,345,823,350,821,372,764,367
911,361,1215,378,1212,425,908,408
1216,381,1282,381,1282,426,1216,426
1286,382,1459,391,1456,437,1283,429
1134,439,1218,444,1216,468,1133,463
952,467,996,467,996,488,952,488
1003,468,1111,473,1110,496,1002,491
1110,474,1141,474,1141,495,1110,495
178,477,199,477,199,498,178,498
1141,476,1265,481,1264,504,1140,498
202,479,293,485,291,507,201,502
292,484,357,484,357,508,292,508
1265,484,1392,484,1392,508,1265,508
360,491,426,491,426,512,360,512
429,494,502,498,501,513,429,509
1110,505,1179,505,1179,525,1110,525
1179,508,1247,508,1247,529,1179,529
199,512,264,512,264,536,199,536
275,515,379,520,378,544,273,539
385,521,482,528,480,551,383,544
488,526,565,532,563,554,486,548
560,532,594,532,594,553,560,553
845,532,866,532,866,553,845,553
866,531,939,537,937,561,864,555
195,536,240,536,240,556,195,556
247,536,285,536,285,560,247,560
601,534,678,539,676,561,600,556
938,536,1020,536,1020,560,938,560
292,543,347,543,347,563,292,563
362,541,418,550,415,572,358,562
415,550,450,550,450,567,415,567
453,550,470,550,470,570,453,570
478,547,534,553,532,576,475,570
546,556,605,556,605,577,546,577
608,560,632,560,632,577,608,577
639,560,704,560,704,584,639,584
866,574,914,574,914,605,866,605
921,580,1045,580,1045,611,921,611
1051,587,1082,587,1082,615,1051,615
1089,587,1168,587,1168,618,1089,618
842,624,939,628,938,650,841,646
866,660,941,660,941,680,866,680
948,663,972,663,972,684,948,684
1010,666,1055,666,1055,690,1010,690
1072,670,1158,670,1158,694,1072,694
1161,673,1199,673,1199,694,1161,694
1213,677,1258,677,1258,701,1213,701
189,679,276,687,274,708,187,700
1265,680,1313,680,1313,704,1265,704
1326,684,1371,684,1371,704,1326,704
275,687,333,687,333,708,275,708
189,715,233,715,233,735,189,735
261,718,316,718,316,739,261,739
323,721,367,721,367,742,323,742
189,739,213,739,213,759,189,759
237,739,314,744,312,767,236,762
319,745,367,745,367,766,319,766
185,763,209,763,209,783,185,783
234,763,314,770,312,792,232,786
319,770,395,770,395,794,319,794
182,790,209,790,209,811,182,811
213,790,240,790,240,811,213,811
244,794,326,794,326,814,244,814
326,797,354,797,354,818,326,818
357,800,391,800,391,818,357,818
409,800,457,800,457,821,409,821
158,883,178,883,178,904,158,904
176,881,238,886,236,909,174,903
237,886,257,886,257,907,237,907
257,893,305,893,305,904,257,904
560,906,647,911,646,930,559,925
663,914,711,914,711,931,663,931
495,938,525,938,525,965,495,965
1206,941,1282,941,1282,965,1206,965
536,945,629,945,629,969,536,969
629,946,925,963,923,995,627,978
446,965,488,965,488,986,446,986
498,965,525,965,525,990,498,990
924,965,990,965,990,990,924,990
574,970,654,975,652,998,572,993
653,975,822,980,821,1007,652,1002
443,990,550,990,550,1014,443,1014
560,996,639,996,639,1020,560,1020
752,996,862,996,862,1031,752,1031
677,1003,756,1003,756,1027,677,1027
457,1014,522,1014,522,1038,457,1038
532,1020,598,1020,598,1045,532,1045
608,1024,663,1024,663,1048,608,1048
591,1148,632,1148,632,1172,591,1172
629,1151,670,1151,670,1172,629,1172
753,1145,850,1151,848,1184,751,1178
849,1158,890,1158,890,1182,849,1182
986,1168,1069,1168,1069,1192,986,1192
563,1172,632,1172,632,1196,563,1196
1179,1175,1303,1183,1302,1209,1177,1201
1361,1189,1440,1189,1440,1213,1361,1213
990,1188,1132,1199,1130,1226,988,1216
1206,1206,1285,1206,1285,1230,1206,1230
1375,1216,1440,1216,1440,1240,1375,1240
1206,1229,1259,1234,1257,1260,1204,1255
574,1247,605,1247,605,1268,574,1268
623,1245,685,1250,683,1276,621,1271
690,1254,718,1254,718,1275,690,1275
728,1254,770,1254,770,1278,728,1278
774,1251,833,1257,831,1283,771,1277
842,1261,897,1261,897,1285,842,1285
1058,1275,1134,1275,1134,1299,1058,1299
635,1278,718,1278,718,1302,635,1302
739,1282,766,1282,766,1302,739,1302
770,1282,818,1282,818,1306,770,1306
1203,1282,1268,1282,1268,1306,1203,1306
1278,1285,1309,1285,1309,1306,1278,1306
1371,1292,1399,1292,1399,1313,1371,1313
1409,1292,1450,1292,1450,1316,1409,1316
426,1312,509,1317,508,1342,424,1337
591,1311,665,1320,661,1354,587,1345
512,1316,584,1316,584,1347,512,1347
815,1332,923,1340,921,1372,813,1364
1038,1347,1127,1347,1127,1375,1038,1375
1199,1357,1223,1357,1223,1378,1199,1378
1223,1357,1265,1357,1265,1381,1223,1381
1275,1361,1306,1361,1306,1381,1275,1381
1368,1368,1395,1368,1395,1388,1368,1388
1402,1368,1447,1368,1447,1388,1402,1388
127,1490,248,1495,247,1517,126,1512
247,1498,271,1498,271,1519,247,1519
949,1497,992,1502,989,1527,946,1522
275,1502,302,1502,302,1515,275,1515
305,1502,381,1502,381,1526,305,1526
996,1498,1027,1498,1027,1526,996,1526
1038,1503,1098,1509,1095,1536,1036,1530
134,1522,168,1522,168,1543,134,1543
168,1526,264,1526,264,1546,168,1546
794,1526,811,1526,811,1546,794,1546
814,1525,925,1530,924,1554,813,1549
264,1533,285,1533,285,1550,264,1550
305,1536,385,1536,385,1550,305,1550
385,1538,454,1542,453,1561,383,1556
460,1543,580,1543,580,1564,460,1564
134,1546,213,1546,213,1560,134,1560
212,1552,260,1547,261,1564,213,1568
577,1550,608,1550,608,1564,577,1564
608,1550,639,1550,639,1567,608,1567
636,1548,689,1554,687,1571,634,1564
261,1553,299,1553,299,1567,261,1567
302,1557,374,1557,374,1574,302,1574
797,1557,831,1557,831,1577,797,1577
392,1557,492,1563,491,1579,391,1573
832,1558,925,1564,924,1587,830,1581
925,1560,995,1568,992,1589,923,1582
515,1567,539,1567,539,1581,515,1581
993,1567,1048,1567,1048,1588,993,1588
539,1570,598,1570,598,1584,539,1584
601,1570,653,1570,653,1588,601,1588
1045,1570,1141,1570,1141,1591,1045,1591
670,1574,718,1574,718,1591,670,1591
1137,1577,1161,1577,1161,1591,1137,1591
814,1581,838,1581,838,1595,814,1595
1165,1581,1213,1581,1213,1598,1165,1598
1213,1581,1285,1581,1285,1601,1213,1601
842,1583,898,1587,896,1602,841,1598
1285,1584,1330,1584,1330,1598,1285,1598
900,1588,952,1588,952,1601,900,1601
1333,1588,1402,1588,1402,1608,1333,1608
972,1591,1003,1591,1003,1608,972,1608
1034,1595,1062,1595,1062,1612,1034,1612
1062,1595,1134,1595,1134,1615,1062,1615
1134,1597,1221,1603,1220,1623,1133,1618
1216,1605,1299,1605,1299,1625,1216,1625
258,1621,332,1626,329,1664,255,1659
340,1629,412,1629,412,1667,340,1667
422,1632,505,1632,505,1670,422,1670
522,1636,594,1636,594,1674,522,1674
605,1639,649,1639,649,1677,605,1677
656,1646,728,1646,728,1684,656,1684
116,1680,230,1680,230,1705,116,1705
254,1764,343,1774,339,1810,250,1800
357,1770,402,1770,402,1804,357,1804
419,1773,484,1773,484,1808,419,1808
546,1776,736,1780,735,1823,545,1819
120,1833,193,1839,192,1858,119,1853
230,1834,375,1840,374,1871,229,1866
378,1845,460,1845,460,1876,378,1876
460,1850,561,1856,559,1883,459,1877
1000,1925,1072,1925,1072,1938,1000,1938
1082,1928,1124,1928,1124,1949,1082,1949
82,1945,182,1945,182,1969,82,1969
189,1952,223,1952,223,1973,189,1973
230,1955,354,1955,354,1980,230,1980
357,1959,385,1959,385,1980,357,1980
388,1959,499,1965,498,1989,387,1983
501,1969,536,1969,536,1990,501,1990
540,1965,661,1974,659,1998,538,1989
666,1976,711,1976,711,2000,666,2000
718,1980,752,1980,752,2000,718,2000
756,1979,840,1984,838,2008,755,2002
842,1986,962,1986,962,2010,842,2010
962,1993,1183,2000,1182,2025,961,2018
